readyFrame:2
currentTime:49383.857373
count:4901
x y response
268 121 48
323 113 40
223 168 31
35 57 28
288 110 27
292 109 25
227 28 25
313 112 25
229 29 22
86 12 19
272 226 16
353 118 15
305 116 14
287 115 13
32 51 12
227 271 12
291 107 12
288 107 12
319 113 12
111 169 12
350 124 9
334 113 9
284 117 9
222 33 8
225 34 8
33 81 8
227 178 8
4 273 8
79 16 8
48 226 8
217 167 7
13 267 7
348 275 7
365 280 7
34 74 7
306 112 7
202 231 7
33 83 7
208 167 7
222 270 7
210 235 7
227 176 6
87 176 6
209 248 6
359 276 6
206 167 6
79 209 6
221 156 6
265 242 6
184 199 6
89 232 6
214 167 6
319 123 6
314 116 6
32 97 6
29 54 6
35 50 6
252 49 6
131 42 6
223 229 6
356 275 6
206 230 6
16 269 5
159 231 5
262 241 5
112 221 5
307 114 5
124 238 5
177 212 5
185 167 5
33 49 5
202 237 5
353 281 5
185 213 5
54 246 5
207 237 5
24 169 5
186 205 5
7 35 5
84 244 5
39 74 5
268 213 5
38 60 5
178 205 5
34 54 5
41 232 5
223 272 5
133 254 5
267 211 5
101 45 5
59 233 5
354 279 5
222 238 5
368 118 5
31 244 5
38 19 5
373 120 5
274 243 5
124 4 5
371 196 4
87 232 4
217 262 4
140 252 4
73 243 4
148 231 4
269 189 4
362 170 4
253 165 4
147 139 4
22 139 4
357 136 4
114 134 4
20 128 4
211 264 4
271 124 4
184 260 4
107 262 4
222 147 4
276 244 4
366 278 4
30 117 4
368 116 4
4 276 4
209 246 4
275 116 4
353 115 4
255 237 4
56 185 4
208 114 4
338 278 4
170 178 4
31 241 4
196 207 4
213 229 4
292 210 4
163 166 4
31 109 4
200 268 4
205 248 4
25 251 4
32 95 4
33 87 4
187 37 4
325 273 4
181 220 4
268 226 4
202 196 4
146 225 4
44 68 4
190 212 4
318 59 4
40 59 4
137 224 4
272 214 4
90 225 4
37 53 4
23 165 4
181 245 4
261 202 4
60 49 4
263 201 4
46 224 4
167 172 4
78 39 4
83 175 4
73 216 4
220 31 4
219 272 4
96 234 4
35 23 4
36 20 4
146 235 4
122 245 4
76 15 4
14 270 4
76 12 4
78 11 4
97 10 4
91 8 4
94 6 4
120 5 4
212 241 4
109 4 4
114 3 4
339 276 3
111 173 3
106 182 3
76 218 3
269 234 3
59 244 3
36 244 3
6 276 3
148 256 3
324 275 3
59 163 3
150 149 3
278 240 3
201 181 3
316 217 3
376 236 3
26 264 3
38 164 3
15 264 3
15 275 3
46 204 3
151 240 3
184 181 3
236 248 3
35 164 3
161 234 3
161 263 3
181 166 3
12 274 3
157 255 3
144 224 3
206 235 3
89 255 3
151 195 3
172 243 3
139 217 3
358 223 3
148 166 3
155 243 3
209 212 3
165 172 3
144 172 3
378 272 3
142 234 3
246 254 3
148 248 3
215 176 3
152 212 3
59 238 3
155 236 3
367 239 3
157 223 3
50 169 3
84 223 3
196 174 3
279 203 3
263 203 3
110 234 3
13 262 3
119 236 3
115 236 3
116 170 3
100 188 3
95 188 3
104 236 3
16 271 3
85 247 3
232 222 3
163 261 3
138 253 3
272 271 3
255 242 3
359 284 3
117 242 3
60 149 3
223 242 3
172 235 3
23 247 3
184 211 3
124 270 3
226 230 3
232 239 3
356 155 3
70 234 3
199 230 3
221 161 3
360 215 3
168 230 3
234 232 3
232 232 3
100 232 3
59 222 3
135 252 3
241 269 3
183 179 3
156 179 3
265 231 3
133 230 3
193 239 3
155 231 3
95 284 3
264 207 3
378 230 3
158 269 3
154 198 3
80 230 3
207 144 3
134 143 3
208 142 3
213 187 3
79 176 3
195 137 3
138 235 3
194 135 3
300 134 3
221 178 3
247 132 3
20 130 3
117 129 3
12 252 3
11 126 3
147 260 3
134 246 3
221 159 3
311 122 3
297 122 3
281 122 3
60 122 3
339 121 3
301 282 3
286 282 3
59 120 3
229 119 3
101 119 3
373 118 3
192 229 3
185 229 3
58 117 3
239 282 3
201 200 3
350 116 3
126 203 3
139 239 3
23 251 3
229 116 3
113 234 3
342 115 3
246 149 3
29 115 3
311 245 3
140 281 3
192 114 3
347 113 3
76 220 3
259 241 3
173 228 3
328 112 3
89 181 3
200 167 3
20 112 3
218 181 3
153 110 3
126 110 3
369 109 3
190 245 3
198 267 3
325 108 3
361 107 3
109 178 3
210 163 3
62 106 3
22 106 3
31 105 3
227 104 3
191 103 3
227 101 3
85 101 3
32 101 3
253 100 3
294 97 3
91 267 3
314 96 3
55 95 3
367 189 3
162 89 3
85 88 3
246 219 3
149 280 3
61 84 3
130 280 3
212 82 3
338 227 3
138 245 3
28 81 3
40 80 3
28 78 3
235 76 3
43 75 3
297 227 3
217 183 3
37 71 3
76 70 3
59 69 3
47 69 3
40 69 3
265 201 3
42 66 3
43 64 3
39 63 3
31 62 3
183 193 3
275 238 3
265 204 3
267 238 3
290 54 3
117 237 3
156 160 3
168 53 3
153 182 3
42 52 3
54 51 3
181 266 3
76 237 3
212 175 3
187 234 3
113 227 3
79 48 3
329 47 3
135 47 3
224 45 3
106 45 3
254 244 3
177 44 3
174 44 3
110 44 3
98 44 3
58 44 3
107 43 3
364 42 3
76 227 3
113 42 3
229 40 3
352 39 3
138 39 3
227 189 3
365 38 3
318 38 3
175 38 3
170 38 3
54 85 3
24 37 3
188 35 3
6 178 3
151 34 3
79 167 3
159 173 3
111 30 3
21 30 3
286 249 3
251 265 3
366 26 3
224 26 3
33 26 3
66 24 3
181 189 3
38 22 3
8 22 3
42 21 3
264 249 3
34 20 3
22 20 3
11 20 3
46 19 3
235 226 3
53 18 3
69 17 3
44 17 3
9 17 3
20 278 3
60 16 3
84 15 3
107 169 3
70 15 3
68 15 3
62 15 3
51 15 3
6 15 3
59 13 3
184 226 3
167 265 3
330 11 3
232 11 3
80 11 3
267 277 3
34 11 3
106 10 3
97 184 3
141 9 3
105 8 3
199 175 3
120 7 3
141 6 3
115 6 3
99 6 3
102 226 3
154 249 3
59 226 3
351 276 3
375 3 3
342 276 3
107 3 3
77 3 3
16 266 2
6 219 2
365 218 2
8 166 2
203 175 2
57 193 2
345 265 2
342 265 2
239 265 2
373 192 2
208 265 2
198 265 2
189 265 2
203 218 2
101 265 2
173 218 2
33 265 2
12 265 2
345 165 2
288 192 2
190 151 2
337 158 2
70 175 2
150 192 2
118 192 2
180 151 2
138 264 2
133 264 2
337 217 2
3 175 2
77 264 2
312 217 2
306 217 2
376 174 2
235 217 2
185 147 2
352 263 2
182 217 2
177 217 2
252 263 2
238 263 2
171 217 2
146 263 2
126 263 2
117 263 2
109 263 2
93 263 2
47 192 2
65 263 2
79 151 2
116 217 2
4 263 2
111 217 2
333 174 2
105 217 2
125 146 2
20 147 2
128 154 2
242 174 2
55 217 2
176 262 2
209 174 2
297 216 2
159 262 2
86 262 2
284 216 2
24 262 2
172 191 2
184 174 2
195 216 2
173 216 2
151 158 2
50 191 2
122 154 2
178 261 2
95 216 2
150 261 2
145 261 2
39 158 2
337 164 2
287 190 2
51 261 2
20 216 2
67 151 2
376 157 2
368 260 2
366 260 2
330 260 2
211 190 2
80 174 2
263 215 2
67 174 2
151 190 2
159 260 2
349 157 2
126 260 2
59 260 2
233 215 2
25 260 2
231 215 2
216 215 2
210 215 2
155 215 2
295 259 2
215 164 2
213 164 2
106 215 2
70 215 2
187 259 2
11 215 2
366 214 2
115 190 2
128 259 2
10 174 2
326 214 2
53 259 2
256 214 2
29 154 2
370 153 2
195 214 2
163 148 2
308 173 2
249 258 2
153 214 2
122 214 2
207 258 2
312 189 2
297 173 2
187 173 2
52 214 2
181 173 2
16 214 2
72 258 2
38 258 2
161 173 2
368 213 2
323 257 2
308 257 2
141 257 2
134 257 2
120 257 2
114 173 2
85 257 2
79 257 2
51 257 2
317 256 2
166 149 2
83 164 2
102 189 2
226 256 2
95 213 2
117 256 2
74 256 2
65 256 2
81 213 2
17 173 2
44 213 2
4 213 2
11 256 2
50 189 2
372 212 2
288 255 2
195 172 2
179 255 2
321 188 2
138 255 2
306 153 2
35 255 2
357 254 2
183 188 2
177 188 2
170 188 2
151 254 2
164 188 2
126 254 2
234 153 2
100 254 2
89 212 2
11 212 2
122 172 2
104 188 2
33 254 2
323 211 2
364 187 2
122 253 2
112 253 2
96 253 2
227 211 2
210 153 2
310 252 2
285 163 2
220 252 2
139 157 2
80 172 2
216 187 2
71 211 2
78 172 2
187 187 2
14 211 2
7 211 2
166 187 2
212 251 2
200 251 2
149 187 2
75 172 2
64 251 2
54 251 2
73 172 2
37 251 2
109 187 2
42 172 2
222 210 2
143 147 2
189 210 2
166 210 2
26 3 2
229 163 2
221 163 2
376 209 2
373 209 2
324 171 2
126 157 2
217 250 2
322 209 2
318 209 2
309 209 2
170 250 2
134 250 2
111 250 2
276 209 2
119 157 2
74 250 2
251 209 2
13 250 2
359 249 2
229 209 2
108 157 2
194 209 2
267 186 2
128 163 2
119 163 2
120 249 2
118 249 2
116 249 2
378 146 2
78 249 2
56 249 2
99 209 2
25 249 2
175 186 2
3 249 2
219 171 2
320 248 2
340 208 2
207 171 2
229 248 2
216 248 2
122 149 2
100 186 2
174 171 2
161 248 2
71 186 2
8 248 2
126 208 2
309 247 2
307 247 2
360 185 2
240 247 2
146 171 2
127 171 2
193 247 2
206 185 2
90 247 2
165 185 2
152 185 2
44 247 2
27 247 2
16 247 2
111 185 2
342 246 2
109 185 2
277 246 2
124 171 2
214 246 2
160 246 2
78 163 2
110 246 2
107 246 2
95 246 2
65 171 2
20 246 2
61 171 2
136 153 2
295 245 2
259 245 2
207 245 2
264 184 2
136 245 2
29 171 2
213 184 2
170 184 2
204 206 2
83 149 2
98 206 2
350 244 2
128 184 2
288 244 2
241 244 2
118 184 2
215 244 2
102 184 2
169 244 2
82 244 2
84 184 2
327 205 2
249 243 2
244 243 2
231 243 2
229 243 2
206 243 2
201 243 2
188 243 2
182 243 2
363 146 2
138 243 2
132 243 2
128 243 2
369 156 2
90 153 2
3 184 2
90 243 2
273 162 2
190 205 2
287 242 2
267 242 2
198 242 2
149 242 2
104 242 2
100 242 2
172 205 2
75 242 2
64 242 2
172 156 2
231 150 2
277 183 2
107 205 2
40 153 2
291 241 2
246 241 2
239 241 2
237 241 2
7 205 2
185 170 2
127 241 2
198 162 2
81 241 2
169 204 2
35 241 2
33 153 2
170 170 2
361 182 2
293 240 2
282 240 2
280 240 2
226 240 2
187 240 2
164 170 2
323 182 2
161 162 2
85 240 2
3 204 2
62 240 2
4 240 2
374 239 2
359 239 2
258 203 2
151 162 2
146 203 2
295 239 2
249 239 2
181 182 2
105 170 2
156 239 2
148 239 2
92 239 2
8 239 2
66 203 2
344 238 2
24 153 2
305 238 2
285 238 2
251 238 2
115 162 2
225 238 2
185 238 2
333 202 2
82 162 2
335 169 2
141 238 2
112 238 2
169 150 2
347 181 2
184 202 2
180 202 2
45 238 2
169 202 2
60 156 2
326 237 2
91 202 2
303 169 2
160 169 2
17 202 2
363 152 2
244 237 2
169 237 2
167 237 2
156 169 2
65 237 2
43 237 2
37 237 2
140 181 2
251 236 2
193 236 2
191 236 2
134 236 2
99 236 2
95 236 2
40 236 2
118 201 2
120 181 2
100 181 2
24 201 2
81 181 2
288 235 2
257 235 2
247 235 2
353 200 2
189 235 2
329 152 2
130 235 2
259 200 2
245 200 2
21 235 2
210 200 2
4 235 2
376 234 2
137 150 2
278 234 2
229 234 2
147 200 2
202 234 2
270 250 2
346 284 2
280 230 2
270 230 2
324 284 2
49 234 2
26 234 2
87 200 2
19 234 2
57 200 2
55 200 2
332 233 2
296 233 2
238 161 2
265 233 2
34 200 2
253 233 2
222 233 2
267 168 2
190 233 2
351 146 2
114 180 2
87 180 2
293 284 2
258 284 2
131 233 2
284 155 2
142 161 2
363 179 2
78 233 2
79 198 2
35 233 2
3 233 2
274 155 2
235 284 2
21 161 2
359 160 2
271 155 2
96 150 2
30 168 2
277 178 2
75 198 2
229 160 2
125 232 2
119 232 2
135 230 2
94 232 2
337 167 2
102 230 2
100 230 2
47 150 2
59 284 2
96 230 2
277 167 2
343 283 2
317 146 2
322 283 2
263 231 2
73 230 2
51 198 2
347 229 2
137 283 2
279 198 2
117 231 2
108 231 2
83 231 2
44 231 2
265 198 2
269 147 2
128 283 2
181 198 2
92 283 2
330 229 2
278 229 2
361 230 2
126 198 2
320 230 2
254 229 2
195 145 2
144 145 2
11 283 2
204 144 2
162 144 2
129 144 2
104 144 2
47 144 2
7 144 2
231 143 2
146 143 2
8 283 2
24 143 2
355 142 2
221 142 2
348 282 2
191 142 2
158 142 2
153 142 2
140 142 2
130 142 2
52 142 2
26 142 2
5 142 2
229 141 2
155 141 2
20 141 2
180 140 2
12 140 2
344 139 2
324 139 2
262 139 2
199 139 2
235 229 2
56 139 2
50 139 2
33 139 2
208 282 2
14 139 2
270 138 2
133 138 2
84 138 2
375 137 2
281 137 2
171 229 2
167 137 2
156 137 2
148 229 2
149 136 2
204 167 2
189 135 2
171 135 2
166 135 2
360 134 2
344 134 2
172 197 2
159 134 2
150 178 2
357 133 2
271 133 2
188 133 2
30 133 2
25 133 2
15 133 2
341 132 2
3 282 2
239 132 2
190 132 2
163 132 2
76 132 2
38 132 2
323 131 2
14 131 2
299 130 2
189 130 2
167 130 2
295 281 2
355 129 2
290 228 2
17 129 2
5 129 2
113 128 2
100 128 2
276 228 2
340 127 2
312 127 2
229 127 2
193 127 2
35 127 2
30 127 2
134 126 2
18 126 2
253 281 2
376 125 2
358 125 2
309 125 2
288 125 2
262 125 2
72 125 2
9 125 2
354 124 2
220 281 2
344 124 2
339 124 2
273 124 2
203 281 2
213 124 2
140 124 2
131 124 2
45 124 2
17 124 2
329 123 2
327 123 2
266 228 2
171 123 2
148 123 2
116 123 2
62 123 2
34 123 2
32 123 2
372 122 2
365 122 2
321 122 2
196 228 2
109 281 2
122 197 2
80 122 2
52 281 2
42 122 2
161 228 2
337 121 2
335 121 2
333 121 2
329 121 2
342 280 2
235 121 2
212 121 2
71 121 2
134 228 2
356 120 2
318 120 2
316 120 2
304 120 2
256 120 2
189 120 2
127 120 2
85 228 2
33 120 2
359 119 2
295 119 2
293 119 2
284 119 2
282 119 2
72 228 2
163 119 2
280 280 2
70 119 2
225 280 2
371 118 2
100 207 2
46 228 2
320 118 2
276 118 2
226 118 2
187 118 2
153 118 2
93 118 2
375 117 2
362 117 2
325 117 2
323 117 2
27 197 2
141 117 2
95 178 2
374 227 2
370 116 2
75 280 2
366 116 2
295 227 2
317 116 2
33 280 2
26 280 2
295 116 2
12 197 2
327 279 2
209 116 2
194 116 2
185 116 2
127 116 2
72 116 2
44 116 2
244 227 2
302 279 2
230 227 2
142 115 2
260 279 2
227 279 2
221 227 2
203 114 2
173 279 2
156 114 2
152 114 2
133 114 2
362 113 2
14 150 2
191 227 2
311 196 2
148 227 2
298 113 2
205 113 2
137 113 2
48 113 2
38 113 2
31 113 2
23 113 2
364 112 2
7 279 2
291 196 2
69 227 2
210 112 2
53 112 2
275 278 2
249 111 2
151 111 2
136 111 2
97 111 2
64 111 2
28 111 2
340 110 2
311 110 2
372 226 2
197 110 2
191 110 2
182 110 2
249 196 2
141 110 2
78 278 2
35 110 2
19 110 2
6 110 2
371 109 2
75 278 2
329 109 2
256 147 2
233 109 2
179 109 2
107 109 2
88 109 2
86 109 2
161 196 2
209 226 2
199 108 2
160 108 2
152 108 2
126 108 2
42 108 2
29 108 2
8 108 2
317 148 2
195 226 2
288 277 2
40 107 2
27 107 2
233 106 2
129 106 2
95 106 2
69 106 2
176 226 2
111 277 2
310 105 2
253 105 2
162 226 2
29 105 2
100 226 2
173 104 2
129 104 2
27 104 2
202 103 2
97 226 2
139 103 2
39 103 2
37 103 2
31 103 2
186 102 2
104 102 2
99 102 2
79 102 2
61 102 2
57 102 2
5 102 2
246 101 2
330 276 2
148 101 2
308 276 2
49 101 2
44 101 2
34 101 2
263 276 2
332 100 2
323 100 2
32 226 2
150 100 2
145 100 2
126 100 2
17 100 2
175 99 2
67 99 2
7 99 2
374 98 2
301 98 2
283 98 2
196 98 2
114 98 2
102 98 2
34 98 2
57 152 2
237 97 2
107 97 2
81 97 2
44 97 2
358 225 2
20 97 2
353 96 2
350 96 2
148 276 2
194 96 2
99 96 2
236 95 2
202 177 2
35 95 2
72 196 2
11 95 2
271 94 2
144 94 2
115 94 2
66 94 2
208 93 2
113 93 2
81 93 2
23 93 2
15 93 2
7 93 2
357 92 2
197 92 2
21 92 2
292 91 2
205 91 2
195 90 2
155 90 2
102 90 2
75 90 2
73 90 2
50 90 2
302 89 2
5 167 2
78 89 2
40 89 2
23 89 2
322 88 2
170 88 2
160 88 2
152 155 2
288 87 2
201 87 2
189 87 2
375 275 2
19 87 2
346 86 2
256 86 2
254 86 2
239 86 2
230 86 2
130 86 2
105 86 2
285 85 2
209 85 2
184 85 2
264 225 2
40 85 2
230 84 2
200 84 2
188 84 2
75 84 2
323 149 2
305 83 2
204 83 2
139 83 2
101 83 2
72 83 2
46 83 2
180 275 2
232 82 2
159 275 2
187 82 2
91 82 2
64 82 2
148 146 2
377 81 2
80 81 2
33 177 2
122 225 2
184 80 2
131 80 2
42 80 2
73 275 2
13 80 2
347 79 2
293 79 2
224 79 2
26 79 2
23 79 2
352 78 2
212 78 2
67 78 2
69 275 2
122 77 2
99 77 2
355 76 2
290 76 2
57 225 2
224 76 2
96 76 2
91 76 2
22 76 2
194 75 2
71 75 2
55 225 2
233 74 2
107 74 2
89 74 2
38 225 2
351 274 2
19 74 2
286 73 2
278 73 2
206 73 2
78 73 2
64 73 2
134 72 2
81 72 2
30 72 2
232 71 2
208 71 2
198 71 2
45 71 2
41 71 2
277 195 2
364 224 2
57 70 2
316 69 2
207 69 2
104 69 2
70 69 2
68 69 2
294 274 2
49 69 2
183 166 2
209 195 2
13 69 2
6 69 2
54 68 2
195 195 2
182 67 2
373 66 2
301 66 2
243 66 2
107 66 2
73 66 2
328 224 2
26 65 2
373 64 2
206 64 2
199 64 2
83 64 2
65 64 2
62 64 2
59 64 2
317 224 2
356 63 2
300 63 2
251 63 2
101 63 2
41 63 2
30 274 2
324 62 2
302 62 2
196 62 2
90 62 2
87 62 2
45 62 2
195 224 2
208 61 2
107 61 2
34 61 2
6 61 2
95 60 2
74 60 2
354 273 2
22 60 2
154 166 2
175 59 2
101 224 2
378 58 2
361 58 2
350 58 2
333 58 2
202 58 2
194 58 2
10 58 2
257 57 2
236 57 2
341 176 2
346 56 2
15 56 2
271 55 2
210 55 2
180 55 2
109 55 2
106 55 2
137 273 2
199 54 2
143 54 2
44 54 2
128 273 2
55 273 2
288 53 2
47 273 2
148 53 2
98 53 2
24 273 2
21 53 2
9 53 2
7 53 2
353 52 2
114 52 2
101 52 2
310 223 2
313 51 2
311 51 2
295 51 2
142 51 2
117 51 2
336 272 2
329 272 2
160 50 2
284 176 2
370 49 2
297 49 2
144 166 2
200 49 2
178 49 2
175 49 2
65 49 2
285 272 2
271 223 2
311 48 2
292 48 2
197 48 2
184 272 2
348 47 2
344 47 2
337 47 2
179 272 2
251 47 2
194 47 2
222 223 2
35 47 2
97 46 2
8 46 2
346 45 2
117 272 2
184 223 2
147 223 2
94 45 2
40 45 2
270 44 2
127 223 2
62 223 2
170 44 2
77 195 2
66 195 2
96 44 2
92 44 2
88 44 2
287 271 2
327 43 2
213 271 2
361 222 2
336 42 2
322 42 2
311 42 2
56 195 2
347 222 2
41 42 2
22 42 2
3 42 2
275 41 2
116 41 2
46 41 2
245 40 2
236 40 2
344 222 2
149 40 2
124 40 2
61 40 2
48 40 2
18 40 2
365 159 2
226 39 2
62 271 2
51 271 2
59 39 2
31 39 2
13 39 2
363 194 2
370 270 2
348 270 2
234 159 2
165 38 2
157 38 2
93 38 2
28 38 2
369 37 2
192 222 2
154 37 2
145 37 2
129 166 2
147 36 2
31 36 2
378 35 2
359 35 2
250 270 2
13 35 2
26 82 2
350 34 2
121 166 2
175 34 2
209 270 2
112 34 2
70 34 2
61 34 2
48 34 2
268 33 2
170 222 2
101 33 2
52 33 2
308 32 2
299 32 2
41 32 2
5 32 2
295 31 2
120 222 2
117 31 2
93 31 2
39 31 2
34 31 2
155 30 2
114 30 2
295 194 2
95 270 2
268 29 2
258 29 2
254 29 2
252 29 2
81 222 2
15 29 2
362 269 2
192 28 2
107 28 2
88 28 2
56 28 2
10 28 2
6 28 2
258 27 2
205 27 2
198 27 2
127 27 2
125 27 2
103 27 2
72 27 2
23 27 2
13 27 2
74 222 2
344 26 2
319 26 2
269 26 2
337 269 2
193 26 2
166 26 2
81 26 2
334 269 2
10 26 2
161 25 2
56 25 2
40 25 2
38 25 2
326 24 2
271 24 2
250 24 2
142 24 2
213 146 2
47 24 2
105 23 2
370 221 2
25 23 2
348 22 2
322 22 2
298 22 2
271 22 2
244 22 2
180 22 2
174 22 2
92 22 2
86 22 2
99 176 2
330 221 2
274 21 2
88 21 2
81 21 2
216 194 2
222 20 2
57 20 2
258 221 2
105 269 2
184 221 2
146 221 2
358 19 2
322 19 2
249 19 2
187 19 2
185 19 2
65 176 2
29 269 2
302 18 2
147 18 2
119 18 2
71 18 2
68 221 2
361 17 2
124 17 2
72 194 2
23 221 2
27 17 2
48 194 2
255 16 2
247 16 2
185 16 2
32 147 2
324 220 2
4 16 2
38 176 2
179 268 2
282 220 2
361 175 2
64 15 2
207 151 2
110 268 2
107 268 2
355 14 2
255 14 2
164 14 2
120 14 2
110 14 2
105 14 2
89 14 2
57 14 2
359 13 2
267 13 2
218 13 2
207 13 2
134 13 2
124 13 2
99 13 2
96 13 2
297 193 2
186 12 2
164 12 2
143 12 2
98 220 2
21 268 2
63 12 2
43 166 2
281 11 2
256 11 2
17 220 2
182 11 2
173 11 2
92 11 2
251 193 2
291 267 2
39 11 2
313 219 2
19 11 2
3 11 2
361 10 2
355 10 2
279 10 2
260 10 2
241 10 2
212 10 2
189 10 2
144 10 2
115 10 2
251 267 2
186 267 2
69 10 2
52 10 2
14 10 2
375 9 2
310 9 2
267 9 2
210 9 2
192 9 2
156 9 2
165 267 2
113 9 2
101 9 2
99 9 2
74 9 2
58 9 2
364 8 2
178 8 2
147 8 2
143 8 2
268 219 2
267 175 2
78 8 2
23 8 2
371 7 2
340 7 2
325 7 2
273 7 2
198 7 2
183 7 2
169 7 2
166 7 2
162 7 2
212 193 2
96 7 2
82 7 2
24 267 2
129 6 2
122 6 2
18 267 2
101 6 2
358 266 2
206 193 2
87 6 2
71 6 2
40 6 2
5 6 2
201 5 2
160 5 2
134 5 2
145 219 2
105 5 2
103 5 2
97 5 2
38 5 2
177 4 2
156 4 2
37 166 2
347 154 2
108 219 2
294 3 2
203 3 2
146 3 2
65 219 2
221 266 2
41 219 2
35 3 2
77 198 1
296 197 1
262 197 1
244 197 1
195 197 1
176 197 1
139 197 1
109 197 1
106 197 1
64 197 1
21 197 1
355 196 1
337 196 1
289 196 1
287 196 1
228 196 1
133 196 1
90 196 1
85 196 1
49 196 1
25 196 1
23 196 1
9 196 1
332 195 1
211 195 1
191 195 1
183 195 1
175 195 1
140 195 1
126 195 1
124 195 1
119 195 1
109 195 1
79 195 1
53 195 1
31 195 1
361 194 1
355 194 1
329 194 1
282 194 1
229 194 1
187 194 1
154 194 1
149 194 1
68 194 1
41 194 1
375 193 1
353 193 1
305 193 1
275 193 1
273 193 1
249 193 1
157 193 1
146 193 1
126 193 1
114 193 1
82 193 1
367 192 1
333 192 1
285 192 1
226 192 1
186 192 1
177 192 1
152 192 1
112 192 1
94 192 1
88 192 1
60 192 1
27 192 1
3 192 1
340 191 1
329 191 1
233 191 1
216 191 1
205 191 1
200 191 1
154 191 1
108 191 1
97 191 1
5 191 1
325 190 1
314 190 1
281 190 1
241 190 1
208 190 1
203 190 1
145 190 1
141 190 1
136 190 1
46 190 1
30 190 1
21 190 1
346 189 1
319 189 1
293 189 1
291 189 1
261 189 1
255 189 1
197 189 1
179 189 1
175 189 1
118 189 1
108 189 1
74 189 1
70 189 1
67 189 1
27 189 1
15 189 1
297 188 1
266 188 1
245 188 1
237 188 1
156 188 1
143 188 1
326 187 1
307 187 1
303 187 1
277 187 1
193 187 1
117 187 1
112 187 1
66 187 1
48 187 1
22 187 1
18 187 1
376 186 1
352 186 1
345 186 1
314 186 1
275 186 1
245 186 1
242 186 1
200 186 1
173 186 1
126 186 1
121 186 1
81 186 1
301 185 1
287 185 1
65 185 1
28 185 1
329 184 1
283 184 1
268 184 1
227 184 1
163 184 1
77 184 1
73 184 1
62 184 1
53 184 1
12 184 1
355 183 1
337 183 1
335 183 1
305 183 1
229 183 1
206 183 1
194 183 1
177 183 1
161 183 1
342 182 1
313 182 1
211 182 1
192 182 1
179 182 1
164 182 1
150 182 1
66 182 1
355 181 1
352 181 1
308 181 1
256 181 1
238 181 1
225 181 1
207 181 1
357 180 1
350 180 1
330 180 1
310 180 1
303 180 1
290 180 1
213 180 1
159 180 1
150 180 1
138 180 1
127 180 1
79 180 1
70 180 1
55 180 1
39 180 1
352 179 1
334 179 1
319 179 1
312 179 1
305 179 1
299 179 1
245 179 1
243 179 1
224 179 1
179 179 1
142 179 1
75 179 1
341 178 1
326 178 1
301 178 1
196 178 1
164 178 1
144 178 1
134 178 1
37 178 1
16 178 1
366 177 1
311 177 1
287 177 1
261 177 1
186 177 1
183 177 1
154 177 1
41 177 1
359 176 1
354 176 1
347 176 1
345 176 1
337 176 1
249 176 1
164 176 1
143 176 1
140 176 1
137 176 1
127 176 1
105 176 1
59 176 1
43 176 1
326 175 1
322 175 1
314 175 1
263 175 1
255 175 1
207 175 1
186 175 1
181 175 1
125 175 1
117 175 1
33 175 1
369 174 1
354 174 1
331 174 1
291 174 1
261 174 1
174 174 1
166 174 1
152 174 1
129 174 1
123 174 1
119 174 1
108 174 1
60 174 1
52 174 1
37 174 1
366 173 1
339 173 1
322 173 1
93 173 1
54 173 1
49 173 1
328 172 1
285 172 1
193 172 1
137 172 1
119 172 1
107 172 1
105 172 1
369 171 1
346 171 1
342 171 1
335 171 1
314 171 1
297 171 1
282 171 1
278 171 1
271 171 1
264 171 1
200 171 1
82 171 1
55 171 1
4 171 1
357 170 1
355 170 1
312 170 1
294 170 1
280 170 1
268 170 1
234 170 1
215 170 1
210 170 1
181 170 1
176 170 1
154 170 1
129 170 1
101 170 1
98 170 1
351 169 1
326 169 1
318 169 1
158 169 1
138 169 1
77 169 1
69 169 1
354 168 1
332 168 1
259 168 1
150 168 1
147 168 1
130 168 1
127 168 1
122 168 1
91 168 1
71 168 1
37 168 1
349 167 1
283 167 1
265 167 1
241 167 1
167 167 1
87 167 1
76 167 1
73 167 1
46 167 1
289 166 1
257 166 1
234 166 1
140 166 1
136 166 1
134 166 1
107 166 1
104 166 1
71 166 1
67 166 1
60 166 1
20 166 1
320 165 1
251 165 1
205 165 1
159 165 1
89 165 1
52 165 1
49 165 1
46 165 1
11 165 1
369 164 1
367 164 1
310 164 1
275 164 1
226 164 1
208 164 1
185 164 1
182 164 1
101 164 1
70 164 1
21 164 1
348 163 1
331 163 1
283 163 1
242 163 1
173 163 1
138 163 1
135 163 1
117 163 1
109 163 1
74 163 1
61 163 1
53 163 1
18 163 1
373 162 1
261 162 1
257 162 1
253 162 1
232 162 1
193 162 1
146 162 1
71 162 1
51 162 1
377 161 1
365 161 1
340 161 1
314 161 1
308 161 1
227 161 1
190 161 1
39 161 1
261 160 1
252 160 1
216 160 1
211 160 1
202 160 1
130 160 1
94 160 1
78 160 1
74 160 1
45 160 1
23 160 1
18 160 1
273 159 1
232 159 1
200 159 1
108 159 1
47 159 1
362 158 1
351 158 1
331 158 1
289 158 1
264 158 1
255 158 1
227 158 1
162 158 1
134 158 1
378 157 1
345 157 1
342 157 1
313 157 1
295 157 1
242 157 1
234 157 1
153 157 1
149 157 1
137 157 1
88 157 1
85 157 1
71 157 1
37 157 1
31 157 1
340 156 1
169 156 1
155 156 1
131 156 1
83 156 1
66 156 1
54 156 1
34 156 1
14 156 1
358 155 1
322 155 1
264 155 1
239 155 1
226 155 1
189 155 1
179 155 1
176 155 1
161 155 1
159 155 1
120 155 1
111 155 1
89 155 1
57 155 1
44 155 1
42 155 1
27 155 1
301 154 1
258 154 1
248 154 1
237 154 1
157 154 1
146 154 1
106 154 1
332 153 1
321 153 1
314 153 1
194 153 1
182 153 1
153 153 1
115 153 1
94 153 1
64 153 1
376 152 1
325 152 1
308 152 1
271 152 1
269 152 1
227 152 1
203 152 1
198 152 1
166 152 1
134 152 1
105 152 1
49 152 1
29 152 1
275 151 1
240 151 1
214 151 1
193 151 1
172 151 1
76 151 1
69 151 1
53 151 1
31 151 1
8 151 1
368 150 1
302 150 1
294 150 1
288 150 1
266 150 1
147 150 1
107 150 1
43 150 1
34 150 1
378 149 1
333 149 1
319 149 1
292 149 1
284 149 1
281 149 1
244 149 1
242 149 1
229 149 1
192 149 1
129 149 1
125 149 1
63 149 1
53 149 1
355 148 1
346 148 1
325 148 1
308 148 1
290 148 1
266 148 1
234 148 1
213 148 1
204 148 1
202 148 1
127 148 1
70 148 1
46 148 1
372 147 1
312 147 1
245 147 1
215 147 1
194 147 1
183 147 1
152 147 1
117 147 1
98 147 1
88 147 1
79 147 1
54 147 1
51 147 1
22 147 1
307 146 1
305 146 1
291 146 1
261 146 1
181 146 1
128 146 1
109 146 1
105 146 1
369 284 1
71 146 1
66 146 1
38 146 1
35 146 1
18 146 1
13 146 1
5 146 1
346 145 1
324 145 1
332 284 1
189 145 1
326 284 1
138 145 1
121 145 1
117 145 1
97 145 1
16 145 1
378 144 1
374 144 1
304 144 1
295 144 1
287 144 1
283 144 1
238 144 1
233 144 1
313 284 1
282 284 1
185 144 1
182 144 1
175 144 1
274 284 1
248 284 1
242 284 1
102 144 1
93 144 1
71 144 1
204 284 1
40 144 1
35 144 1
22 144 1
192 284 1
357 143 1
327 143 1
325 143 1
318 143 1
310 143 1
267 143 1
263 143 1
242 143 1
178 284 1
193 143 1
151 143 1
121 284 1
113 284 1
115 143 1
98 143 1
85 143 1
73 143 1
59 143 1
57 143 1
31 143 1
29 143 1
74 284 1
56 284 1
332 142 1
288 142 1
235 142 1
3 284 1
210 142 1
253 283 1
218 283 1
186 142 1
214 283 1
162 283 1
140 283 1
137 142 1
84 283 1
122 142 1
119 142 1
110 142 1
106 142 1
70 142 1
61 142 1
78 283 1
40 142 1
36 142 1
46 283 1
14 283 1
374 141 1
365 141 1
350 141 1
338 141 1
324 141 1
371 282 1
193 141 1
166 141 1
298 282 1
104 141 1
97 141 1
45 141 1
42 141 1
28 141 1
24 141 1
284 282 1
15 141 1
328 140 1
317 140 1
281 282 1
175 140 1
170 140 1
83 140 1
71 140 1
276 282 1
10 140 1
269 282 1
180 282 1
313 139 1
296 139 1
287 139 1
124 282 1
217 139 1
107 282 1
193 139 1
185 139 1
103 282 1
144 139 1
142 139 1
120 139 1
108 139 1
68 139 1
80 282 1
263 281 1
261 281 1
29 139 1
193 281 1
154 281 1
6 139 1
304 138 1
105 281 1
250 138 1
241 138 1
191 138 1
175 138 1
173 138 1
91 281 1
91 138 1
89 138 1
21 281 1
80 138 1
76 138 1
348 280 1
363 137 1
329 280 1
239 137 1
207 137 1
205 137 1
314 280 1
182 137 1
305 280 1
290 280 1
135 137 1
82 137 1
68 137 1
66 137 1
63 137 1
46 137 1
258 280 1
354 136 1
352 136 1
350 136 1
335 136 1
329 136 1
277 136 1
267 136 1
264 136 1
253 136 1
244 136 1
216 136 1
196 280 1
137 136 1
124 136 1
110 136 1
90 136 1
74 136 1
36 136 1
9 136 1
306 135 1
286 135 1
241 135 1
175 280 1
167 280 1
93 280 1
81 280 1
135 135 1
94 135 1
57 135 1
50 135 1
72 280 1
353 134 1
37 280 1
312 134 1
362 279 1
281 134 1
268 134 1
233 134 1
206 134 1
204 134 1
345 279 1
142 134 1
138 134 1
309 279 1
39 134 1
37 134 1
23 134 1
20 134 1
10 134 1
364 133 1
287 279 1
207 279 1
258 133 1
252 133 1
235 133 1
217 133 1
179 279 1
157 133 1
154 133 1
127 133 1
160 279 1
132 279 1
117 279 1
360 132 1
55 279 1
337 132 1
330 132 1
311 132 1
292 132 1
278 132 1
3 279 1
341 278 1
291 278 1
178 132 1
284 278 1
148 132 1
125 132 1
115 132 1
257 278 1
71 132 1
69 132 1
64 132 1
62 132 1
197 278 1
33 132 1
356 131 1
348 131 1
141 278 1
286 131 1
258 131 1
193 131 1
161 131 1
96 131 1
23 131 1
96 278 1
350 130 1
341 130 1
73 278 1
292 130 1
252 130 1
235 130 1
217 130 1
209 130 1
207 130 1
48 278 1
176 130 1
42 278 1
122 130 1
108 130 1
93 130 1
63 130 1
54 130 1
40 278 1
359 129 1
37 278 1
263 129 1
258 129 1
193 129 1
180 129 1
155 129 1
140 129 1
30 278 1
33 129 1
23 129 1
25 278 1
7 129 1
372 277 1
329 128 1
298 128 1
255 128 1
216 128 1
188 128 1
157 128 1
137 128 1
125 128 1
121 128 1
334 277 1
103 128 1
332 277 1
67 128 1
54 128 1
193 277 1
106 277 1
315 127 1
85 277 1
307 127 1
240 127 1
80 277 1
211 127 1
209 127 1
195 127 1
65 277 1
174 127 1
163 127 1
123 127 1
81 127 1
38 127 1
12 277 1
317 276 1
23 127 1
330 126 1
293 126 1
268 126 1
255 126 1
242 126 1
238 126 1
226 126 1
188 126 1
171 126 1
209 276 1
103 126 1
70 126 1
60 126 1
54 126 1
51 126 1
47 126 1
40 126 1
26 126 1
168 276 1
163 276 1
61 276 1
49 276 1
337 125 1
47 276 1
304 125 1
295 125 1
18 276 1
285 125 1
362 275 1
252 125 1
246 125 1
240 125 1
216 125 1
160 125 1
136 125 1
106 125 1
99 125 1
206 275 1
153 275 1
366 124 1
364 124 1
146 275 1
142 275 1
346 124 1
118 275 1
88 275 1
301 124 1
51 275 1
38 275 1
229 124 1
28 275 1
143 124 1
329 274 1
318 274 1
104 124 1
101 124 1
67 124 1
56 124 1
51 124 1
233 274 1
210 274 1
15 124 1
374 123 1
335 123 1
191 274 1
133 274 1
44 274 1
283 123 1
226 123 1
210 123 1
196 123 1
187 123 1
34 274 1
372 273 1
366 273 1
99 123 1
93 123 1
73 123 1
298 273 1
275 273 1
264 273 1
254 273 1
237 273 1
354 122 1
347 122 1
189 273 1
139 273 1
305 122 1
93 273 1
91 273 1
240 122 1
191 122 1
183 122 1
164 122 1
152 122 1
119 122 1
105 122 1
16 273 1
68 122 1
64 122 1
323 272 1
53 122 1
303 272 1
18 122 1
15 122 1
9 122 1
205 272 1
200 272 1
194 272 1
169 272 1
101 272 1
326 121 1
276 121 1
272 121 1
97 272 1
45 272 1
37 272 1
206 121 1
195 121 1
110 121 1
86 121 1
367 271 1
40 121 1
357 271 1
362 120 1
341 271 1
332 271 1
182 271 1
312 120 1
307 120 1
176 271 1
151 271 1
241 120 1
191 120 1
104 271 1
185 120 1
143 120 1
133 120 1
76 271 1
122 120 1
95 120 1
65 271 1
26 271 1
12 120 1
353 270 1
316 270 1
291 270 1
289 270 1
243 270 1
280 119 1
235 119 1
160 270 1
169 119 1
166 119 1
130 270 1
116 119 1
114 119 1
128 270 1
99 119 1
40 270 1
357 269 1
331 269 1
314 269 1
296 269 1
170 269 1
311 118 1
164 269 1
239 118 1
156 269 1
211 118 1
198 118 1
151 269 1
115 269 1
150 118 1
111 118 1
108 118 1
113 269 1
66 118 1
51 118 1
49 118 1
26 118 1
13 118 1
93 269 1
54 269 1
342 117 1
333 117 1
52 269 1
45 269 1
373 268 1
256 117 1
181 117 1
143 117 1
359 268 1
122 117 1
119 117 1
102 117 1
355 268 1
56 117 1
38 117 1
347 268 1
305 268 1
265 268 1
257 268 1
189 268 1
175 268 1
144 268 1
137 268 1
83 268 1
279 116 1
41 268 1
36 268 1
214 116 1
31 268 1
200 116 1
375 267 1
353 267 1
317 267 1
85 116 1
315 267 1
270 267 1
36 116 1
27 116 1
80 267 1
344 115 1
65 267 1
59 267 1
266 115 1
198 115 1
160 115 1
48 267 1
81 115 1
47 115 1
335 266 1
329 266 1
281 114 1
261 114 1
243 114 1
210 114 1
276 266 1
274 266 1
272 266 1
186 114 1
175 114 1
162 114 1
264 266 1
154 114 1
231 266 1
150 114 1
146 266 1
129 114 1
96 114 1
94 114 1
40 114 1
21 114 1
15 114 1
13 114 1
57 266 1
352 113 1
350 113 1
369 265 1
366 265 1
362 265 1
360 265 1
351 265 1
294 113 1
214 113 1
212 113 1
234 265 1
146 113 1
165 265 1
102 113 1
90 113 1
85 113 1
83 265 1
73 265 1
378 264 1
337 264 1
378 112 1
332 264 1
357 112 1
340 112 1
286 264 1
266 264 1
262 264 1
282 112 1
247 112 1
234 112 1
229 112 1
200 264 1
191 112 1
186 112 1
141 112 1
121 112 1
111 112 1
74 112 1
183 264 1
171 264 1
12 112 1
352 111 1
297 111 1
295 111 1
163 264 1
165 111 1
142 264 1
97 264 1
79 264 1
85 111 1
69 264 1
50 111 1
45 111 1
35 264 1
363 110 1
22 264 1
19 264 1
300 110 1
8 264 1
236 110 1
201 110 1
369 263 1
334 263 1
314 263 1
181 263 1
144 110 1
75 263 1
59 263 1
79 110 1
56 263 1
33 110 1
25 110 1
38 263 1
11 110 1
339 262 1
301 262 1
291 262 1
334 109 1
255 262 1
248 262 1
261 109 1
243 262 1
210 109 1
207 262 1
129 109 1
191 262 1
93 109 1
174 262 1
171 262 1
81 109 1
69 109 1
55 109 1
97 262 1
15 109 1
84 262 1
283 108 1
281 108 1
277 108 1
275 108 1
377 261 1
189 108 1
171 108 1
361 261 1
351 261 1
149 108 1
335 261 1
124 108 1
78 108 1
47 108 1
332 261 1
322 261 1
10 108 1
236 261 1
364 107 1
201 261 1
309 107 1
157 261 1
143 261 1
267 107 1
265 107 1
261 107 1
258 107 1
158 107 1
144 107 1
104 261 1
102 261 1
24 107 1
339 106 1
333 106 1
273 106 1
243 106 1
92 261 1
208 106 1
203 106 1
182 106 1
176 106 1
163 106 1
156 106 1
141 106 1
19 261 1
97 106 1
16 261 1
374 260 1
291 260 1
54 106 1
285 260 1
12 106 1
327 105 1
318 105 1
274 260 1
255 260 1
198 105 1
187 105 1
131 105 1
92 105 1
203 260 1
168 260 1
6 105 1
366 104 1
299 104 1
153 260 1
206 104 1
182 104 1
177 104 1
55 260 1
170 104 1
166 104 1
3 260 1
113 104 1
86 104 1
70 104 1
46 104 1
357 259 1
13 104 1
269 103 1
238 103 1
233 103 1
215 103 1
352 259 1
309 259 1
154 103 1
269 259 1
126 103 1
72 103 1
231 259 1
221 259 1
34 103 1
215 259 1
8 103 1
362 102 1
308 102 1
283 102 1
193 102 1
175 259 1
133 102 1
111 102 1
143 259 1
134 259 1
67 259 1
74 102 1
57 259 1
12 259 1
29 102 1
16 102 1
12 102 1
365 258 1
373 101 1
355 101 1
347 101 1
271 101 1
347 258 1
243 101 1
231 101 1
299 258 1
213 101 1
188 101 1
171 101 1
164 101 1
290 258 1
131 101 1
108 101 1
286 258 1
54 101 1
276 258 1
265 258 1
245 258 1
241 258 1
377 100 1
177 258 1
152 258 1
289 100 1
269 100 1
265 100 1
145 258 1
224 100 1
215 100 1
125 258 1
107 258 1
128 100 1
91 258 1
118 100 1
113 100 1
110 100 1
70 100 1
81 258 1
360 99 1
341 99 1
183 99 1
181 99 1
378 257 1
172 99 1
166 99 1
161 99 1
124 99 1
105 99 1
86 99 1
81 99 1
376 257 1
14 99 1
337 257 1
321 257 1
363 98 1
343 98 1
305 98 1
172 257 1
101 257 1
254 98 1
207 98 1
93 257 1
164 98 1
17 257 1
285 256 1
78 98 1
70 98 1
47 98 1
243 256 1
18 98 1
359 97 1
331 97 1
321 97 1
241 256 1
252 97 1
248 97 1
228 256 1
182 97 1
152 97 1
149 97 1
141 97 1
135 97 1
199 256 1
90 97 1
88 97 1
99 256 1
63 97 1
53 97 1
49 97 1
63 256 1
48 256 1
41 256 1
377 96 1
33 256 1
13 256 1
346 255 1
299 96 1
241 96 1
228 96 1
199 96 1
344 255 1
179 96 1
175 96 1
147 96 1
133 96 1
126 96 1
121 96 1
114 96 1
101 96 1
232 255 1
78 96 1
76 96 1
363 95 1
329 95 1
246 95 1
181 255 1
226 95 1
183 95 1
177 95 1
110 95 1
90 95 1
61 95 1
177 255 1
93 255 1
3 255 1
29 95 1
337 254 1
357 94 1
345 94 1
337 94 1
302 94 1
294 94 1
313 254 1
249 94 1
238 94 1
194 94 1
185 94 1
173 94 1
171 94 1
291 254 1
256 254 1
85 94 1
252 254 1
52 94 1
43 94 1
25 94 1
369 93 1
297 93 1
267 93 1
254 93 1
232 93 1
248 254 1
188 93 1
181 93 1
178 93 1
151 93 1
149 93 1
135 93 1
224 254 1
102 93 1
204 254 1
45 93 1
201 254 1
141 254 1
116 254 1
91 254 1
338 92 1
320 92 1
318 92 1
283 92 1
260 92 1
81 254 1
170 92 1
131 92 1
129 92 1
116 92 1
59 92 1
37 92 1
43 254 1
375 91 1
363 91 1
354 91 1
333 91 1
306 91 1
300 91 1
41 254 1
273 91 1
209 91 1
6 254 1
123 91 1
114 91 1
91 91 1
67 91 1
46 91 1
23 91 1
361 90 1
345 90 1
339 90 1
313 90 1
281 90 1
270 90 1
265 90 1
246 90 1
234 90 1
214 90 1
197 90 1
265 253 1
185 90 1
222 253 1
130 90 1
125 90 1
195 253 1
100 90 1
94 90 1
82 90 1
106 253 1
84 253 1
60 90 1
79 253 1
307 89 1
305 89 1
63 253 1
294 89 1
202 89 1
179 89 1
232 252 1
137 89 1
204 252 1
156 252 1
29 89 1
115 252 1
18 89 1
369 88 1
341 88 1
339 88 1
326 88 1
71 252 1
313 88 1
309 88 1
205 88 1
44 252 1
17 252 1
127 88 1
116 88 1
366 251 1
364 87 1
362 87 1
343 87 1
357 251 1
243 87 1
323 251 1
277 251 1
181 87 1
149 87 1
134 87 1
120 87 1
95 87 1
55 87 1
174 251 1
147 251 1
5 87 1
357 86 1
80 251 1
327 86 1
322 86 1
283 86 1
275 86 1
261 86 1
46 251 1
5 251 1
3 251 1
368 250 1
176 86 1
352 250 1
110 86 1
347 250 1
75 86 1
70 86 1
25 86 1
353 85 1
345 250 1
278 85 1
248 85 1
226 85 1
266 250 1
255 250 1
179 85 1
153 85 1
140 85 1
120 85 1
73 85 1
247 250 1
245 250 1
310 84 1
292 84 1
233 250 1
228 250 1
224 250 1
159 84 1
148 84 1
135 84 1
131 84 1
129 84 1
111 84 1
97 84 1
210 250 1
178 250 1
38 84 1
357 83 1
344 83 1
337 83 1
331 83 1
312 83 1
176 250 1
301 83 1
298 83 1
252 83 1
84 250 1
179 83 1
82 250 1
109 83 1
72 250 1
240 249 1
199 249 1
192 249 1
316 82 1
278 82 1
275 82 1
190 249 1
167 249 1
207 82 1
202 82 1
197 82 1
190 82 1
136 249 1
182 82 1
175 82 1
166 82 1
134 82 1
131 82 1
122 82 1
93 249 1
52 249 1
60 82 1
51 82 1
20 249 1
12 82 1
353 248 1
367 81 1
309 81 1
289 81 1
238 81 1
228 81 1
157 81 1
322 248 1
38 81 1
291 248 1
256 248 1
359 80 1
344 80 1
305 80 1
275 80 1
230 80 1
226 80 1
187 80 1
186 248 1
155 80 1
135 80 1
171 248 1
118 80 1
104 80 1
78 80 1
73 80 1
64 80 1
61 80 1
169 248 1
138 248 1
355 247 1
368 79 1
284 247 1
341 79 1
312 79 1
199 247 1
243 79 1
195 247 1
206 79 1
180 79 1
100 79 1
75 79 1
157 247 1
83 247 1
17 79 1
65 247 1
298 78 1
287 78 1
361 246 1
196 78 1
155 78 1
124 78 1
322 246 1
53 78 1
40 78 1
268 246 1
12 78 1
374 77 1
349 77 1
266 77 1
256 77 1
227 77 1
202 77 1
198 77 1
172 77 1
152 77 1
233 246 1
108 77 1
142 246 1
81 77 1
65 77 1
61 77 1
17 77 1
377 76 1
129 246 1
324 76 1
115 246 1
247 76 1
75 246 1
331 245 1
188 76 1
186 76 1
328 245 1
244 245 1
68 76 1
59 76 1
56 76 1
179 245 1
351 75 1
329 75 1
282 75 1
207 75 1
199 75 1
113 245 1
177 75 1
122 75 1
87 75 1
80 75 1
80 245 1
49 75 1
77 245 1
36 75 1
26 75 1
295 74 1
284 74 1
247 74 1
242 74 1
50 245 1
189 74 1
146 74 1
125 74 1
378 244 1
101 74 1
370 244 1
66 74 1
53 74 1
45 74 1
339 244 1
217 244 1
186 244 1
17 74 1
15 74 1
368 73 1
310 73 1
148 244 1
68 244 1
250 73 1
237 73 1
64 244 1
159 73 1
153 73 1
136 73 1
105 73 1
83 73 1
12 244 1
74 73 1
71 73 1
309 243 1
57 73 1
21 73 1
361 72 1
338 72 1
327 72 1
318 72 1
302 72 1
299 72 1
170 72 1
177 243 1
128 72 1
122 72 1
118 72 1
116 72 1
92 72 1
89 72 1
126 243 1
69 72 1
114 243 1
26 72 1
331 71 1
276 71 1
239 71 1
112 243 1
230 71 1
367 242 1
359 242 1
94 71 1
62 71 1
48 71 1
345 242 1
43 71 1
97 242 1
77 242 1
17 71 1
371 70 1
336 70 1
176 70 1
46 242 1
43 242 1
321 69 1
13 242 1
313 69 1
288 69 1
269 69 1
233 69 1
229 69 1
227 69 1
361 241 1
170 69 1
152 69 1
139 69 1
129 69 1
354 241 1
102 69 1
82 69 1
352 241 1
219 241 1
181 241 1
163 241 1
141 241 1
110 241 1
60 241 1
326 240 1
370 68 1
362 68 1
334 68 1
264 68 1
256 68 1
197 68 1
186 68 1
176 68 1
174 68 1
168 68 1
166 68 1
132 68 1
127 68 1
108 68 1
97 68 1
314 240 1
303 240 1
4 68 1
352 67 1
327 67 1
312 67 1
280 67 1
246 67 1
192 67 1
190 67 1
185 240 1
125 67 1
375 66 1
171 240 1
347 66 1
305 66 1
113 240 1
287 66 1
256 66 1
251 66 1
94 240 1
236 66 1
229 66 1
200 66 1
174 66 1
72 240 1
92 66 1
346 239 1
50 66 1
334 239 1
5 66 1
369 65 1
364 65 1
358 65 1
323 65 1
316 65 1
293 65 1
234 65 1
176 65 1
168 65 1
166 65 1
138 65 1
118 65 1
111 65 1
95 65 1
332 239 1
324 239 1
302 64 1
289 64 1
272 64 1
224 64 1
316 239 1
312 239 1
151 64 1
120 64 1
114 64 1
88 64 1
244 239 1
167 239 1
144 239 1
349 238 1
49 64 1
308 238 1
32 64 1
365 63 1
358 63 1
230 238 1
354 63 1
336 63 1
228 238 1
291 63 1
256 63 1
183 238 1
240 63 1
202 63 1
185 63 1
179 63 1
172 63 1
170 63 1
157 63 1
132 63 1
107 63 1
176 238 1
159 238 1
154 238 1
152 238 1
320 62 1
110 238 1
271 62 1
261 62 1
231 62 1
107 238 1
189 62 1
182 62 1
153 62 1
130 62 1
103 238 1
83 238 1
6 238 1
339 237 1
14 62 1
357 61 1
339 61 1
309 61 1
251 61 1
322 237 1
200 61 1
198 61 1
194 61 1
173 61 1
135 61 1
126 61 1
111 61 1
317 237 1
79 61 1
283 237 1
280 237 1
377 60 1
372 60 1
367 60 1
348 60 1
332 60 1
321 60 1
296 60 1
294 60 1
166 60 1
269 237 1
84 60 1
82 60 1
76 60 1
163 237 1
67 60 1
144 237 1
26 60 1
131 237 1
365 59 1
47 237 1
259 59 1
248 59 1
235 59 1
8 237 1
126 59 1
92 59 1
332 236 1
309 236 1
26 236 1
364 235 1
341 58 1
354 235 1
276 58 1
274 58 1
272 58 1
232 58 1
341 235 1
319 235 1
181 58 1
150 58 1
144 58 1
117 58 1
70 58 1
311 235 1
374 57 1
364 57 1
355 57 1
289 57 1
198 235 1
140 235 1
171 57 1
111 57 1
73 57 1
122 235 1
81 235 1
326 56 1
311 56 1
301 56 1
292 56 1
231 56 1
166 56 1
159 56 1
155 56 1
125 56 1
119 56 1
117 56 1
90 56 1
19 56 1
78 235 1
10 56 1
341 55 1
295 55 1
286 55 1
43 235 1
253 55 1
248 55 1
14 235 1
206 55 1
343 234 1
168 55 1
153 55 1
137 55 1
326 234 1
286 234 1
324 54 1
304 54 1
220 234 1
279 54 1
268 54 1
218 234 1
193 54 1
91 234 1
141 54 1
117 54 1
112 54 1
73 234 1
24 234 1
11 234 1
23 54 1
378 53 1
326 53 1
318 53 1
302 53 1
347 233 1
286 53 1
260 53 1
231 53 1
184 53 1
179 53 1
174 53 1
289 233 1
166 53 1
257 233 1
194 233 1
175 233 1
173 233 1
165 233 1
163 233 1
134 233 1
349 52 1
342 52 1
315 52 1
258 52 1
176 52 1
157 52 1
103 233 1
105 52 1
84 233 1
80 233 1
19 52 1
360 51 1
378 232 1
362 232 1
298 51 1
354 232 1
271 51 1
251 51 1
226 51 1
197 51 1
173 51 1
162 51 1
307 232 1
120 51 1
301 232 1
298 232 1
244 232 1
368 50 1
302 50 1
283 50 1
197 232 1
138 50 1
91 232 1
19 50 1
13 50 1
373 49 1
63 232 1
363 49 1
356 49 1
348 49 1
13 232 1
276 49 1
267 49 1
291 231 1
288 231 1
188 49 1
286 231 1
144 231 1
162 49 1
151 49 1
70 49 1
34 231 1
31 231 1
48 49 1
46 49 1
18 231 1
4 49 1
352 48 1
339 48 1
324 48 1
315 48 1
5 231 1
372 230 1
273 48 1
259 48 1
243 48 1
370 230 1
192 48 1
185 48 1
82 48 1
344 230 1
52 48 1
50 48 1
315 230 1
187 230 1
150 230 1
334 47 1
140 230 1
309 47 1
307 47 1
304 47 1
257 47 1
42 230 1
29 230 1
181 47 1
138 47 1
353 229 1
129 47 1
312 229 1
368 46 1
289 46 1
261 46 1
253 46 1
246 46 1
188 46 1
173 46 1
164 46 1
238 229 1
111 229 1
354 45 1
349 45 1
21 229 1
327 45 1
282 45 1
268 45 1
263 45 1
239 45 1
234 45 1
340 228 1
166 45 1
187 228 1
152 228 1
130 228 1
81 45 1
56 228 1
378 44 1
273 44 1
29 228 1
261 44 1
13 228 1
284 227 1
282 227 1
114 44 1
216 227 1
205 227 1
150 227 1
81 227 1
363 226 1
347 226 1
24 44 1
4 44 1
351 43 1
338 43 1
329 226 1
324 43 1
289 43 1
287 43 1
263 43 1
327 226 1
60 43 1
28 43 1
13 43 1
261 226 1
251 226 1
203 226 1
370 225 1
253 42 1
227 42 1
340 225 1
119 42 1
293 225 1
101 42 1
67 42 1
285 225 1
26 42 1
266 225 1
253 225 1
197 225 1
128 225 1
95 41 1
71 41 1
25 225 1
32 41 1
298 40 1
266 40 1
250 40 1
356 224 1
240 40 1
354 224 1
346 224 1
289 224 1
229 224 1
120 40 1
104 40 1
69 40 1
110 224 1
44 224 1
20 224 1
362 39 1
312 223 1
327 39 1
279 39 1
232 39 1
301 223 1
224 39 1
283 223 1
251 223 1
65 39 1
227 223 1
45 39 1
39 39 1
28 223 1
10 223 1
355 222 1
358 38 1
347 38 1
338 222 1
297 38 1
260 38 1
249 38 1
228 38 1
307 222 1
234 222 1
199 222 1
187 222 1
127 38 1
180 222 1
87 38 1
47 38 1
106 222 1
378 37 1
54 222 1
360 37 1
309 37 1
294 37 1
274 37 1
258 37 1
352 221 1
179 37 1
173 37 1
268 221 1
246 221 1
130 37 1
54 37 1
242 221 1
367 36 1
348 36 1
328 36 1
236 36 1
176 36 1
166 36 1
86 221 1
85 36 1
75 36 1
68 36 1
35 36 1
34 221 1
28 221 1
12 221 1
340 35 1
318 35 1
297 35 1
275 35 1
262 35 1
233 35 1
337 220 1
101 146 1
107 35 1
291 220 1
279 220 1
370 34 1
196 220 1
322 34 1
251 34 1
247 34 1
237 34 1
173 220 1
207 34 1
151 220 1
63 220 1
369 219 1
97 34 1
235 219 1
68 34 1
188 219 1
164 219 1
377 33 1
337 33 1
327 33 1
318 33 1
291 33 1
271 33 1
147 219 1
258 33 1
133 219 1
205 33 1
131 219 1
74 33 1
34 219 1
35 33 1
360 32 1
285 218 1
282 218 1
286 32 1
238 32 1
136 32 1
255 218 1
18 32 1
9 32 1
212 218 1
3 32 1
365 31 1
362 31 1
348 31 1
304 31 1
190 218 1
86 218 1
63 218 1
52 218 1
89 31 1
43 218 1
26 218 1
354 30 1
234 30 1
24 218 1
150 30 1
9 218 1
369 217 1
37 30 1
363 217 1
325 29 1
299 29 1
349 217 1
263 29 1
319 217 1
242 217 1
217 217 1
164 217 1
180 29 1
169 29 1
135 29 1
93 29 1
64 29 1
23 29 1
124 217 1
343 28 1
310 28 1
109 217 1
101 217 1
187 28 1
183 28 1
176 28 1
171 28 1
129 28 1
123 28 1
79 217 1
96 28 1
66 217 1
61 217 1
52 28 1
19 28 1
41 217 1
290 216 1
364 27 1
353 27 1
315 27 1
308 27 1
228 216 1
231 27 1
224 216 1
222 216 1
185 27 1
169 27 1
143 27 1
166 216 1
128 216 1
119 216 1
74 27 1
87 216 1
65 27 1
54 27 1
38 216 1
32 216 1
6 216 1
361 26 1
373 215 1
324 26 1
336 215 1
296 26 1
308 215 1
266 26 1
254 26 1
246 26 1
258 215 1
217 26 1
248 215 1
181 26 1
176 26 1
243 215 1
151 26 1
146 26 1
122 26 1
108 26 1
93 26 1
131 215 1
52 26 1
126 215 1
362 214 1
7 26 1
370 25 1
288 25 1
226 25 1
221 25 1
353 214 1
102 25 1
96 25 1
91 25 1
88 25 1
207 214 1
50 25 1
205 214 1
169 214 1
351 24 1
331 24 1
160 214 1
158 214 1
262 24 1
256 24 1
115 214 1
239 24 1
195 24 1
155 24 1
93 214 1
69 24 1
77 214 1
55 214 1
42 24 1
7 24 1
300 23 1
284 23 1
241 23 1
235 23 1
233 23 1
231 23 1
223 23 1
221 23 1
189 23 1
157 23 1
152 23 1
139 23 1
112 23 1
49 214 1
79 23 1
370 213 1
358 213 1
3 23 1
357 22 1
342 213 1
336 22 1
322 213 1
259 213 1
244 213 1
257 22 1
229 213 1
209 22 1
197 22 1
213 213 1
177 22 1
112 213 1
95 22 1
84 213 1
72 213 1
66 22 1
7 213 1
376 212 1
362 21 1
310 21 1
355 212 1
246 21 1
215 21 1
159 21 1
99 21 1
308 212 1
305 212 1
79 21 1
68 21 1
64 21 1
61 21 1
54 21 1
271 212 1
16 21 1
376 20 1
367 20 1
347 20 1
336 20 1
326 20 1
306 20 1
303 20 1
277 20 1
272 20 1
267 20 1
224 20 1
241 212 1
212 20 1
195 20 1
178 20 1
155 20 1
137 20 1
128 20 1
119 20 1
74 20 1
196 212 1
51 20 1
193 212 1
165 212 1
155 212 1
138 212 1
125 212 1
342 19 1
101 212 1
358 211 1
228 19 1
209 19 1
337 211 1
335 211 1
168 19 1
79 19 1
326 211 1
310 211 1
349 18 1
329 18 1
310 18 1
213 211 1
293 18 1
279 18 1
255 18 1
178 18 1
171 18 1
151 18 1
145 211 1
143 211 1
107 18 1
99 18 1
97 18 1
89 18 1
77 18 1
91 211 1
60 18 1
83 211 1
4 18 1
378 17 1
373 17 1
69 211 1
353 17 1
337 17 1
332 17 1
305 17 1
206 17 1
198 17 1
183 17 1
167 17 1
156 17 1
130 17 1
62 211 1
40 211 1
330 210 1
35 17 1
32 17 1
286 210 1
274 210 1
368 16 1
272 210 1
247 210 1
226 16 1
215 16 1
234 210 1
140 16 1
126 16 1
93 16 1
90 16 1
209 210 1
153 210 1
42 16 1
66 210 1
371 15 1
342 15 1
340 15 1
338 15 1
316 15 1
304 15 1
231 15 1
192 15 1
142 15 1
9 210 1
354 209 1
336 209 1
270 209 1
218 209 1
162 209 1
128 209 1
46 15 1
30 15 1
11 15 1
112 209 1
103 209 1
288 14 1
275 14 1
269 14 1
97 209 1
210 14 1
196 14 1
183 14 1
12 209 1
156 14 1
146 14 1
140 14 1
315 208 1
307 208 1
258 208 1
242 208 1
213 208 1
41 14 1
122 208 1
350 13 1
346 13 1
290 13 1
88 208 1
253 13 1
232 13 1
230 13 1
222 13 1
74 208 1
39 208 1
188 13 1
177 13 1
28 208 1
132 13 1
18 208 1
116 13 1
337 207 1
324 207 1
281 207 1
46 13 1
39 13 1
29 13 1
27 13 1
374 12 1
344 12 1
328 12 1
317 12 1
298 12 1
286 12 1
279 12 1
277 12 1
271 12 1
224 12 1
203 12 1
233 207 1
225 207 1
168 207 1
102 12 1
143 207 1
113 207 1
77 207 1
52 12 1
42 12 1
10 12 1
370 11 1
353 11 1
255 206 1
315 11 1
311 11 1
309 11 1
291 11 1
283 11 1
252 206 1
273 11 1
267 11 1
262 11 1
213 206 1
158 206 1
221 11 1
89 206 1
79 206 1
166 11 1
160 11 1
158 11 1
134 11 1
62 206 1
43 206 1
10 206 1
65 11 1
48 11 1
45 11 1
3 206 1
36 11 1
355 205 1
317 205 1
8 11 1
311 205 1
295 205 1
357 10 1
250 205 1
342 10 1
199 205 1
131 205 1
129 205 1
118 205 1
202 10 1
112 205 1
187 10 1
178 10 1
162 10 1
153 10 1
71 205 1
39 205 1
365 204 1
241 204 1
139 204 1
104 204 1
95 204 1
56 204 1
345 9 1
317 9 1
37 204 1
304 9 1
298 9 1
281 9 1
12 204 1
229 9 1
246 203 1
176 203 1
181 9 1
168 9 1
144 203 1
137 203 1
64 203 1
41 203 1
365 202 1
86 9 1
248 202 1
64 9 1
241 202 1
36 9 1
16 9 1
369 8 1
232 202 1
362 8 1
356 8 1
350 8 1
333 8 1
330 8 1
314 8 1
300 8 1
294 8 1
289 8 1
257 8 1
219 8 1
203 8 1
200 8 1
190 8 1
213 202 1
203 202 1
121 202 1
118 8 1
116 8 1
88 202 1
73 202 1
15 202 1
49 8 1
46 8 1
42 8 1
321 201 1
278 201 1
352 7 1
172 201 1
164 201 1
297 7 1
279 7 1
158 201 1
250 7 1
248 7 1
221 7 1
112 201 1
196 7 1
77 201 1
40 201 1
19 201 1
310 200 1
131 7 1
253 200 1
221 200 1
204 200 1
67 7 1
56 7 1
293 6 1
256 6 1
230 6 1
227 6 1
225 6 1
191 6 1
173 6 1
158 6 1
150 6 1
146 6 1
193 200 1
141 200 1
100 200 1
96 200 1
37 200 1
376 199 1
358 199 1
356 199 1
347 199 1
340 199 1
15 6 1
317 199 1
355 5 1
345 5 1
342 5 1
330 5 1
322 5 1
246 5 1
221 5 1
208 5 1
262 199 1
181 5 1
243 199 1
154 5 1
232 199 1
189 199 1
173 199 1
83 199 1
70 199 1
51 5 1
42 199 1
31 5 1
312 4 1
304 4 1
235 4 1
217 4 1
190 4 1
40 199 1
170 4 1
26 199 1
11 199 1
342 198 1
59 4 1
12 4 1
3 4 1
310 198 1
365 3 1
360 3 1
348 3 1
310 3 1
300 3 1
292 198 1
281 3 1
261 3 1
247 3 1
227 3 1
219 3 1
206 3 1
290 198 1
168 3 1
154 3 1
288 198 1
143 3 1
116 3 1
215 198 1
200 198 1
100 3 1
98 3 1
86 3 1
84 3 1
157 198 1
62 3 1
118 198 1
169 35 1
